41234 1234 123441234 1234 123441234 1234 123441234 1234 123441234 1234 123441234 1234 123441234 1234 123441234 1234 123441234 1234 123441234 1234 123441234 1234 123441234 1234 123441234 1234 123441234 1234 123441234 1234 123441234 1234 123441234 1234 123441234 1234 123441234 1234 123441234 1234 123441234 1234 123441234 1234 123441234 1234 123441234 1234 123441234 1234 123441234 1234 1234
41234 1234 123441234 1234 123441234 1234 123441234 1234 123441234 1234 123441234 1234 123441234 1234 123441234 1234 123441234 1234 123441234 1234 123441234 1234 123441234 1234 123441234 1234 123441234 1234 1234
41234 1234 123441234 1234 1234
41234 1234 123441234 1234 123441234 1234 123441234 1234 123441234 1234 123441234 1234 123441234 1234 123441234 1234 123441234 1234 123441234 1234 123441234 1234 123441234 1234 123441234 1234 123441234 1234 123441234 1234 123441234 1234 123441234 1234 123441234 1234 123441234 1234 1234
41234 1234 123441234 1234 123441234 1234 123441234 1234 123441234 1234 123441234 1234 123441234 1234 123441234 1234 123441234 1234 123441234 1234 123441234 1234 123441234 1234 123441234 1234 123441234 1234 123441234 1234 123441234 1234 123441234 1234 123441234 1234 123441234 1234 123441234 1234 123441234 1234 123441234 1234 123441234 1234 123441234 1234 123441234 1234 123441234 1234 123441234 1234 123441234 1234 123441234 1234 123441234 1234 1234
41234 1234 123441234 1234 123441234 1234 123441234 1234 123441234 1234 123441234 1234 123441234 1234 123441234 1234 123441234 1234 123441234 1234 123441234 1234 123441234 1234 123441234 1234 123441234 1234 1234
41234 1234 123441234 1234 1234
41234 1234 123441234 1234 123441234 1234 123441234 1234 123441234 1234 123441234 1234 123441234 1234 123441234 1234 123441234 1234 123441234 1234 123441234 1234 123441234 1234 123441234 1234 123441234 1234 123441234 1234 123441234 1234 123441234 1234 123441234 1234 123441234 1234 1234
41234 1234 123441234 1234 123441234 1234 123441234 1234 123441234 1234 123441234 1234 123441234 1234 123441234 1234 123441234 1234 123441234 1234 123441234 1234 123441234 1234 123441234 1234 123441234 1234 123441234 1234 123441234 1234 123441234 1234 123441234 1234 123441234 1234 123441234 1234 123441234 1234 123441234 1234 123441234 1234 123441234 1234 123441234 1234 123441234 1234 123441234 1234 123441234 1234 123441234 1234 123441234 1234 1234
41234 1234 123441234 1234 123441234 1234 123441234 1234 123441234 1234 123441234 1234 123441234 1234 123441234 1234 123441234 1234 123441234 1234 123441234 1234 123441234 1234 123441234 1234 123441234 1234 1234
41234 1234 123441234 1234 1234
41234 1234 123441234 1234 123441234 1234 123441234 1234 123441234 1234 123441234 1234 123441234 1234 123441234 1234 123441234 1234 123441234 1234 123441234 1234 123441234 1234 123441234 1234 123441234 1234 123441234 1234 123441234 1234 123441234 1234 123441234 1234 123441234 1234 1234
41234 1234 123441234 1234 123441234 1234 123441234 1234 123441234 1234 123441234 1234 123441234 1234 123441234 1234 123441234 1234 123441234 1234 123441234 1234 123441234 1234 123441234 1234 123441234 1234 123441234 1234 123441234 1234 123441234 1234 123441234 1234 123441234 1234 123441234 1234 123441234 1234 123441234 1234 123441234 1234 123441234 1234 123441234 1234 123441234 1234 123441234 1234 123441234 1234 123441234 1234 123441234 1234 1234
41234 1234 123441234 1234 123441234 1234 123441234 1234 123441234 1234 123441234 1234 123441234 1234 123441234 1234 123441234 1234 123441234 1234 123441234 1234 123441234 1234 123441234 1234 123441234 1234 1234
41234 1234 123441234 1234 1234
41234 1234 123441234 1234 123441234 1234 123441234 1234 123441234 1234 123441234 1234 123441234 1234 123441234 1234 123441234 1234 123441234 1234 123441234 1234 123441234 1234 123441234 1234 123441234 1234 123441234 1234 123441234 1234 123441234 1234 123441234 1234 123441234 1234 1234
41234 1234 123441234 1234 123441234 1234 123441234 1234 123441234 1234 123441234 1234 123441234 1234 123441234 1234 123441234 1234 123441234 1234 123441234 1234 123441234 1234 123441234 1234 123441234 1234 123441234 1234 123441234 1234 123441234 1234 123441234 1234 123441234 1234 123441234 1234 123441234 1234 123441234 1234 123441234 1234 123441234 1234 123441234 1234 123441234 1234 123441234 1234 123441234 1234 123441234 1234 123441234 1234 1234
41234 1234 123441234 1234 123441234 1234 123441234 1234 123441234 1234 123441234 1234 123441234 1234 123441234 1234 123441234 1234 123441234 1234 123441234 1234 123441234 1234 123441234 1234 123441234 1234 1234
41234 1234 123441234 1234 1234
41234 1234 123441234 1234 123441234 1234 123441234 1234 123441234 1234 123441234 1234 123441234 1234 123441234 1234 123441234 1234 123441234 1234 123441234 1234 123441234 1234 123441234 1234 123441234 1234 123441234 1234 123441234 1234 123441234 1234 123441234 1234 123441234 1234 1234
41234 1234 123441234 1234 123441234 1234 123441234 1234 123441234 1234 123441234 1234 123441234 1234 123441234 1234 123441234 1234 123441234 1234 123441234 1234 123441234 1234 123441234 1234 123441234 1234 123441234 1234 123441234 1234 123441234 1234 123441234 1234 123441234 1234 123441234 1234 123441234 1234 123441234 1234 123441234 1234 123441234 1234 123441234 1234 123441234 1234 123441234 1234 123441234 1234 123441234 1234 123441234 1234 1234
41234 1234 123441234 1234 123441234 1234 123441234 1234 123441234 1234 123441234 1234 123441234 1234 123441234 1234 123441234 1234 123441234 1234 123441234 1234 123441234 1234 123441234 1234 123441234 1234 1234
41234 1234 123441234 1234 1234
41234 1234 123441234 1234 123441234 1234 123441234 1234 123441234 1234 123441234 1234 123441234 1234 123441234 1234 123441234 1234 123441234 1234 123441234 1234 123441234 1234 123441234 1234 123441234 1234 123441234 1234 123441234 1234 123441234 1234 123441234 1234 123441234 1234 1234
41234 1234 123441234 1234 123441234 1234 123441234 1234 123441234 1234 123441234 1234 123441234 1234 123441234 1234 123441234 1234 123441234 1234 123441234 1234 123441234 1234 123441234 1234 123441234 1234 123441234 1234 123441234 1234 123441234 1234 123441234 1234 123441234 1234 123441234 1234 123441234 1234 123441234 1234 123441234 1234 123441234 1234 123441234 1234 123441234 1234 123441234 1234 123441234 1234 123441234 1234 123441234 1234 1234
41234 1234 123441234 1234 123441234 1234 123441234 1234 123441234 1234 123441234 1234 123441234 1234 123441234 1234 123441234 1234 123441234 1234 123441234 1234 123441234 1234 123441234 1234 123441234 1234 1234
41234 1234 123441234 1234 1234
41234 1234 123441234 1234 123441234 1234 123441234 1234 123441234 1234 123441234 1234 123441234 1234 123441234 1234 123441234 1234 123441234 1234 123441234 1234 123441234 1234 123441234 1234 123441234 1234 123441234 1234 123441234 1234 123441234 1234 123441234 1234 123441234 1234 1234
41234 1234 123441234 1234 123441234 1234 123441234 1234 123441234 1234 123441234 1234 123441234 1234 123441234 1234 123441234 1234 123441234 1234 123441234 1234 123441234 1234 123441234 1234 123441234 1234 123441234 1234 123441234 1234 123441234 1234 123441234 1234 123441234 1234 123441234 1234 123441234 1234 123441234 1234 123441234 1234 123441234 1234 123441234 1234 123441234 1234 123441234 1234 123441234 1234 123441234 1234 123441234 1234 1234
41234 1234 123441234 1234 123441234 1234 123441234 1234 123441234 1234 123441234 1234 123441234 1234 123441234 1234 123441234 1234 123441234 1234 123441234 1234 123441234 1234 123441234 1234 123441234 1234 1234
41234 1234 123441234 1234 1234
41234 1234 123441234 1234 123441234 1234 123441234 1234 123441234 1234 123441234 1234 123441234 1234 123441234 1234 123441234 1234 123441234 1234 123441234 1234 123441234 1234 123441234 1234 123441234 1234 123441234 1234 123441234 1234 123441234 1234 123441234 1234 123441234 1234 1234
41234 1234 123441234 1234 123441234 1234 123441234 1234 123441234 1234 123441234 1234 123441234 1234 123441234 1234 123441234 1234 123441234 1234 123441234 1234 123441234 1234 123441234 1234 123441234 1234 123441234 1234 123441234 1234 123441234 1234 123441234 1234 123441234 1234 123441234 1234 123441234 1234 123441234 1234 123441234 1234 123441234 1234 123441234 1234 123441234 1234 123441234 1234 123441234 1234 123441234 1234 123441234 1234 1234
41234 1234 123441234 1234 123441234 1234 123441234 1234 123441234 1234 123441234 1234 123441234 1234 123441234 1234 123441234 1234 123441234 1234 123441234 1234 123441234 1234 123441234 1234 123441234 1234 1234
41234 1234 123441234 1234 1234
41234 1234 123441234 1234 123441234 1234 123441234 1234 123441234 1234 123441234 1234 123441234 1234 123441234 1234 123441234 1234 123441234 1234 123441234 1234 123441234 1234 123441234 1234 123441234 1234 123441234 1234 123441234 1234 123441234 1234 123441234 1234 123441234 1234 1234
41234 1234 123441234 1234 123441234 1234 123441234 1234 123441234 1234 123441234 1234 123441234 1234 123441234 1234 123441234 1234 123441234 1234 123441234 1234 123441234 1234 123441234 1234 123441234 1234 123441234 1234 123441234 1234 123441234 1234 123441234 1234 123441234 1234 123441234 1234 123441234 1234 123441234 1234 123441234 1234 123441234 1234 123441234 1234 123441234 1234 123441234 1234 123441234 1234 123441234 1234 123441234 1234 1234
41234 1234 123441234 1234 123441234 1234 123441234 1234 123441234 1234 123441234 1234 123441234 1234 123441234 1234 123441234 1234 123441234 1234 123441234 1234 123441234 1234 123441234 1234 123441234 1234 1234
41234 1234 123441234 1234 1234
41234 1234 123441234 1234 123441234 1234 123441234 1234 123441234 1234 123441234 1234 123441234 1234 123441234 1234 123441234 1234 123441234 1234 123441234 1234 123441234 1234 123441234 1234 123441234 1234 123441234 1234 123441234 1234 123441234 1234 123441234 1234 123441234 1234 1234
41234 1234 123441234 1234 123441234 1234 123441234 1234 123441234 1234 123441234 1234 123441234 1234 123441234 1234 123441234 1234 123441234 1234 123441234 1234 123441234 1234 123441234 1234 123441234 1234 123441234 1234 123441234 1234 123441234 1234 123441234 1234 123441234 1234 123441234 1234 123441234 1234 123441234 1234 123441234 1234 123441234 1234 123441234 1234 123441234 1234 123441234 1234 123441234 1234 123441234 1234 123441234 1234 1234
41234 1234 123441234 1234 123441234 1234 123441234 1234 123441234 1234 123441234 1234 123441234 1234 123441234 1234 123441234 1234 123441234 1234 123441234 1234 123441234 1234 123441234 1234 123441234 1234 1234
41234 1234 123441234 1234 1234
41234 1234 123441234 1234 123441234 1234 123441234 1234 123441234 1234 123441234 1234 123441234 1234 123441234 1234 123441234 1234 123441234 1234 123441234 1234 123441234 1234 123441234 1234 123441234 1234 123441234 1234 123441234 1234 123441234 1234 123441234 1234 123441234 1234 1234
41234 1234 123441234 1234 123441234 1234 123441234 1234 123441234 1234 123441234 1234 123441234 1234 123441234 1234 123441234 1234 123441234 1234 123441234 1234 123441234 1234 123441234 1234 123441234 1234 123441234 1234 123441234 1234 123441234 1234 123441234 1234 123441234 1234 123441234 1234 123441234 1234 123441234 1234 123441234 1234 123441234 1234 123441234 1234 123441234 1234 123441234 1234 123441234 1234 123441234 1234 123441234 1234 1234
41234 1234 123441234 1234 123441234 1234 123441234 1234 123441234 1234 123441234 1234 123441234 1234 123441234 1234 123441234 1234 123441234 1234 123441234 1234 123441234 1234 123441234 1234 123441234 1234 1234
41234 1234 123441234 1234 1234
41234 1234 123441234 1234 123441234 1234 123441234 1234 123441234 1234 123441234 1234 123441234 1234 123441234 1234 123441234 1234 123441234 1234 123441234 1234 123441234 1234 123441234 1234 123441234 1234 123441234 1234 123441234 1234 123441234 1234 123441234 1234 123441234 1234 1234
41234 1234 123441234 1234 123441234 1234 123441234 1234 123441234 1234 123441234 1234 123441234 1234 123441234 1234 123441234 1234 123441234 1234 123441234 1234 123441234 1234 123441234 1234 123441234 1234 123441234 1234 123441234 1234 123441234 1234 123441234 1234 123441234 1234 123441234 1234 123441234 1234 123441234 1234 123441234 1234 123441234 1234 123441234 1234 123441234 1234 123441234 1234 123441234 1234 123441234 1234 123441234 1234 1234
41234 1234 123441234 1234 123441234 1234 123441234 1234 123441234 1234 123441234 1234 123441234 1234 123441234 1234 123441234 1234 123441234 1234 123441234 1234 123441234 1234 123441234 1234 123441234 1234 1234
41234 1234 123441234 1234 1234
41234 1234 123441234 1234 123441234 1234 123441234 1234 123441234 1234 123441234 1234 123441234 1234 123441234 1234 123441234 1234 123441234 1234 123441234 1234 123441234 1234 123441234 1234 123441234 1234 123441234 1234 123441234 1234 123441234 1234 123441234 1234 123441234 1234 1234
41234 1234 123441234 1234 123441234 1234 123441234 1234 123441234 1234 123441234 1234 123441234 1234 123441234 1234 123441234 1234 123441234 1234 123441234 1234 123441234 1234 123441234 1234 123441234 1234 123441234 1234 123441234 1234 123441234 1234 123441234 1234 123441234 1234 123441234 1234 123441234 1234 123441234 1234 123441234 1234 123441234 1234 123441234 1234 123441234 1234 123441234 1234 123441234 1234 123441234 1234 123441234 1234 1234
41234 1234 123441234 1234 123441234 1234 123441234 1234 123441234 1234 123441234 1234 123441234 1234 123441234 1234 123441234 1234 123441234 1234 123441234 1234 123441234 1234 123441234 1234 123441234 1234 1234
41234 1234 123441234 1234 1234
41234 1234 123441234 1234 123441234 1234 123441234 1234 123441234 1234 123441234 1234 123441234 1234 123441234 1234 123441234 1234 123441234 1234 123441234 1234 123441234 1234 123441234 1234 123441234 1234 123441234 1234 123441234 1234 123441234 1234 123441234 1234 123441234 1234 1234
41234 1234 123441234 1234 123441234 1234 123441234 1234 123441234 1234 123441234 1234 123441234 1234 123441234 1234 123441234 1234 123441234 1234 123441234 1234 123441234 1234 123441234 1234 123441234 1234 123441234 1234 123441234 1234 123441234 1234 123441234 1234 123441234 1234 123441234 1234 123441234 1234 123441234 1234 123441234 1234 123441234 1234 123441234 1234 123441234 1234 123441234 1234 123441234 1234 123441234 1234 123441234 1234 1234
41234 1234 123441234 1234 123441234 1234 123441234 1234 123441234 1234 123441234 1234 123441234 1234 123441234 1234 123441234 1234 123441234 1234 123441234 1234 123441234 1234 123441234 1234 123441234 1234 1234
41234 1234 123441234 1234 1234
41234 1234 123441234 1234 123441234 1234 123441234 1234 123441234 1234 123441234 1234 123441234 1234 123441234 1234 123441234 1234 123441234 1234 123441234 1234 123441234 1234 123441234 1234 123441234 1234 123441234 1234 123441234 1234 123441234 1234 123441234 1234 123441234 1234 1234
41234 1234 123441234 1234 123441234 1234 123441234 1234 123441234 1234 123441234 1234 123441234 1234 123441234 1234 123441234 1234 123441234 1234 123441234 1234 123441234 1234 123441234 1234 123441234 1234 123441234 1234 123441234 1234 123441234 1234 123441234 1234 123441234 1234 123441234 1234 123441234 1234 123441234 1234 123441234 1234 123441234 1234 123441234 1234 123441234 1234 123441234 1234 123441234 1234 123441234 1234 123441234 1234 1234
41234 1234 123441234 1234 123441234 1234 123441234 1234 123441234 1234 123441234 1234 123441234 1234 123441234 1234 123441234 1234 123441234 1234 123441234 1234 123441234 1234 123441234 1234 123441234 1234 1234
41234 1234 123441234 1234 1234
41234 1234 123441234 1234 123441234 1234 123441234 1234 123441234 1234 123441234 1234 123441234 1234 123441234 1234 123441234 1234 123441234 1234 123441234 1234 123441234 1234 123441234 1234 123441234 1234 123441234 1234 123441234 1234 123441234 1234 123441234 1234 123441234 1234 1234
41234 1234 123441234 1234 123441234 1234 123441234 1234 123441234 1234 123441234 1234 123441234 1234 123441234 1234 123441234 1234 123441234 1234 123441234 1234 123441234 1234 123441234 1234 123441234 1234 123441234 1234 123441234 1234 123441234 1234 123441234 1234 123441234 1234 123441234 1234 123441234 1234 123441234 1234 123441234 1234 123441234 1234 123441234 1234 123441234 1234 123441234 1234 123441234 1234 123441234 1234 123441234 1234 1234
41234 1234 123441234 1234 123441234 1234 123441234 1234 123441234 1234 123441234 1234 123441234 1234 123441234 1234 123441234 1234 123441234 1234 123441234 1234 123441234 1234 123441234 1234 123441234 1234 1234
41234 1234 123441234 1234 1234
41234 1234 123441234 1234 123441234 1234 123441234 1234 123441234 1234 123441234 1234 123441234 1234 123441234 1234 123441234 1234 123441234 1234 123441234 1234 123441234 1234 123441234 1234 123441234 1234 123441234 1234 123441234 1234 123441234 1234 123441234 1234 123441234 1234 1234
41234 1234 123441234 1234 123441234 1234 123441234 1234 123441234 1234 123441234 1234 123441234 1234 123441234 1234 123441234 1234 123441234 1234 123441234 1234 123441234 1234 123441234 1234 123441234 1234 123441234 1234 123441234 1234 123441234 1234 123441234 1234 123441234 1234 123441234 1234 123441234 1234 123441234 1234 123441234 1234 123441234 1234 123441234 1234 123441234 1234 123441234 1234 123441234 1234 123441234 1234 123441234 1234 1234
41234 1234 123441234 1234 123441234 1234 123441234 1234 123441234 1234 123441234 1234 123441234 1234 123441234 1234 123441234 1234 123441234 1234 123441234 1234 123441234 1234 123441234 1234 123441234 1234 1234
41234 1234 123441234 1234 1234
41234 1234 123441234 1234 123441234 1234 123441234 1234 123441234 1234 123441234 1234 123441234 1234 123441234 1234 123441234 1234 123441234 1234 123441234 1234 123441234 1234 123441234 1234 123441234 1234 123441234 1234 123441234 1234 123441234 1234 123441234 1234 123441234 1234 1234
41234 1234 123441234 1234 123441234 1234 123441234 1234 123441234 1234 123441234 1234 123441234 1234 123441234 1234 123441234 1234 123441234 1234 123441234 1234 123441234 1234 123441234 1234 123441234 1234 123441234 1234 123441234 1234 123441234 1234 123441234 1234 123441234 1234 123441234 1234 123441234 1234 123441234 1234 123441234 1234 123441234 1234 123441234 1234 123441234 1234 123441234 1234 123441234 1234 123441234 1234 123441234 1234 1234
41234 1234 123441234 1234 123441234 1234 123441234 1234 123441234 1234 123441234 1234 123441234 1234 123441234 1234 123441234 1234 123441234 1234 123441234 1234 123441234 1234 123441234 1234 123441234 1234 1234
41234 1234 123441234 1234 1234
41234 1234 123441234 1234 123441234 1234 123441234 1234 123441234 1234 123441234 1234 123441234 1234 123441234 1234 123441234 1234 123441234 1234 123441234 1234 123441234 1234 123441234 1234 123441234 1234 123441234 1234 123441234 1234 123441234 1234 123441234 1234 123441234 1234 1234
41234 1234 123441234 1234 123441234 1234 123441234 1234 123441234 1234 123441234 1234 123441234 1234 123441234 1234 123441234 1234 123441234 1234 123441234 1234 123441234 1234 123441234 1234 123441234 1234 123441234 1234 123441234 1234 123441234 1234 123441234 1234 123441234 1234 123441234 1234 123441234 1234 123441234 1234 123441234 1234 123441234 1234 123441234 1234 123441234 1234 123441234 1234 123441234 1234 123441234 1234 123441234 1234 1234
41234 1234 123441234 1234 123441234 1234 123441234 1234 123441234 1234 123441234 1234 123441234 1234 123441234 1234 123441234 1234 123441234 1234 123441234 1234 123441234 1234 123441234 1234 123441234 1234 1234
41234 1234 123441234 1234 1234
41234 1234 123441234 1234 123441234 1234 123441234 1234 123441234 1234 123441234 1234 123441234 1234 123441234 1234 123441234 1234 123441234 1234 123441234 1234 123441234 1234 123441234 1234 123441234 1234 123441234 1234 123441234 1234 123441234 1234 123441234 1234 123441234 1234 1234
41234 1234 123441234 1234 123441234 1234 123441234 1234 123441234 1234 123441234 1234 123441234 1234 123441234 1234 123441234 1234 123441234 1234 123441234 1234 123441234 1234 123441234 1234 123441234 1234 123441234 1234 123441234 1234 123441234 1234 123441234 1234 123441234 1234 123441234 1234 123441234 1234 123441234 1234 123441234 1234 123441234 1234 123441234 1234 123441234 1234 123441234 1234 123441234 1234 123441234 1234 123441234 1234 1234
41234 1234 123441234 1234 123441234 1234 123441234 1234 123441234 1234 123441234 1234 123441234 1234 123441234 1234 123441234 1234 123441234 1234 123441234 1234 123441234 1234 123441234 1234 123441234 1234 1234
41234 1234 123441234 1234 1234
41234 1234 123441234 1234 123441234 1234 123441234 1234 123441234 1234 123441234 1234 123441234 1234 123441234 1234 123441234 1234 123441234 1234 123441234 1234 123441234 1234 123441234 1234 123441234 1234 123441234 1234 123441234 1234 123441234 1234 123441234 1234 123441234 1234 1234
41234 1234 123441234 1234 123441234 1234 123441234 1234 123441234 1234 123441234 1234 123441234 1234 123441234 1234 123441234 1234 123441234 1234 123441234 1234 123441234 1234 123441234 1234 123441234 1234 123441234 1234 123441234 1234 123441234 1234 123441234 1234 123441234 1234 123441234 1234 123441234 1234 123441234 1234 123441234 1234 123441234 1234 123441234 1234 123441234 1234 123441234 1234 123441234 1234 123441234 1234 123441234 1234 1234
41234 1234 123441234 1234 123441234 1234 123441234 1234 123441234 1234 123441234 1234 123441234 1234 123441234 1234 123441234 1234 123441234 1234 123441234 1234 123441234 1234 123441234 1234 123441234 1234 1234
41234 1234 123441234 1234 1234
41234 1234 123441234 1234 123441234 1234 123441234 1234 123441234 1234 123441234 1234 123441234 1234 123441234 1234 123441234 1234 123441234 1234 123441234 1234 123441234 1234 123441234 1234 123441234 1234 123441234 1234 123441234 1234 123441234 1234 123441234 1234 123441234 1234 1234
41234 1234 123441234 1234 123441234 1234 123441234 1234 123441234 1234 123441234 1234 123441234 1234 123441234 1234 123441234 1234 123441234 1234 123441234 1234 123441234 1234 123441234 1234 123441234 1234 123441234 1234 123441234 1234 123441234 1234 123441234 1234 123441234 1234 123441234 1234 123441234 1234 123441234 1234 123441234 1234 123441234 1234 123441234 1234 123441234 1234 123441234 1234 123441234 1234 123441234 1234 123441234 1234 1234
41234 1234 123441234 1234 123441234 1234 123441234 1234 123441234 1234 123441234 1234 123441234 1234 123441234 1234 123441234 1234 123441234 1234 123441234 1234 123441234 1234 123441234 1234 123441234 1234 1234
41234 1234 123441234 1234 1234
41234 1234 123441234 1234 123441234 1234 123441234 1234 123441234 1234 123441234 1234 123441234 1234 123441234 1234 123441234 1234 123441234 1234 123441234 1234 123441234 1234 123441234 1234 123441234 1234 123441234 1234 123441234 1234 123441234 1234 123441234 1234 123441234 1234 1234
41234 1234 123441234 1234 123441234 1234 123441234 1234 123441234 1234 123441234 1234 123441234 1234 123441234 1234 123441234 1234 123441234 1234 123441234 1234 123441234 1234 123441234 1234 123441234 1234 123441234 1234 123441234 1234 123441234 1234 123441234 1234 123441234 1234 123441234 1234 123441234 1234 123441234 1234 123441234 1234 123441234 1234 123441234 1234 123441234 1234 123441234 1234 123441234 1234 123441234 1234 123441234 1234 1234
41234 1234 123441234 1234 123441234 1234 123441234 1234 123441234 1234 123441234 1234 123441234 1234 123441234 1234 123441234 1234 123441234 1234 123441234 1234 123441234 1234 123441234 1234 123441234 1234 1234
41234 1234 123441234 1234 1234
41234 1234 123441234 1234 123441234 1234 123441234 1234 123441234 1234 123441234 1234 123441234 1234 123441234 1234 123441234 1234 123441234 1234 123441234 1234 123441234 1234 123441234 1234 123441234 1234 123441234 1234 123441234 1234 123441234 1234 123441234 1234 123441234 1234 1234
41234 1234 123441234 1234 123441234 1234 123441234 1234 123441234 1234 123441234 1234 123441234 1234 123441234 1234 123441234 1234 123441234 1234 123441234 1234 123441234 1234 123441234 1234 123441234 1234 123441234 1234 123441234 1234 123441234 1234 123441234 1234 123441234 1234 123441234 1234 123441234 1234 123441234 1234 123441234 1234 123441234 1234 123441234 1234 123441234 1234 123441234 1234 123441234 1234 123441234 1234 123441234 1234 1234
41234 1234 123441234 1234 123441234 1234 123441234 1234 123441234 1234 123441234 1234 123441234 1234 123441234 1234 123441234 1234 123441234 1234 123441234 1234 123441234 1234 123441234 1234 123441234 1234 1234
41234 1234 123441234 1234 1234
41234 1234 123441234 1234 123441234 1234 123441234 1234 123441234 1234 123441234 1234 123441234 1234 123441234 1234 123441234 1234 123441234 1234 123441234 1234 123441234 1234 123441234 1234 123441234 1234 123441234 1234 123441234 1234 123441234 1234 123441234 1234 123441234 1234 1234
41234 1234 123441234 1234 123441234 1234 123441234 1234 123441234 1234 123441234 1234 123441234 1234 123441234 1234 123441234 1234 123441234 1234 123441234 1234 123441234 1234 123441234 1234 123441234 1234 123441234 1234 123441234 1234 123441234 1234 123441234 1234 123441234 1234 123441234 1234 123441234 1234 123441234 1234 123441234 1234 123441234 1234 123441234 1234 123441234 1234 123441234 1234 123441234 1234 123441234 1234 123441234 1234 1234
41234 1234 123441234 1234 123441234 1234 123441234 1234 123441234 1234 123441234 1234 123441234 1234 123441234 1234 123441234 1234 123441234 1234 123441234 1234 123441234 1234 123441234 1234 123441234 1234 1234
41234 1234 123441234 1234 1234
41234 1234 123441234 1234 123441234 1234 123441234 1234 123441234 1234 123441234 1234 123441234 1234 123441234 1234 123441234 1234 123441234 1234 123441234 1234 123441234 1234 123441234 1234 123441234 1234 123441234 1234 123441234 1234 123441234 1234 123441234 1234 123441234 1234 1234
41234 1234 123441234 1234 123441234 1234 123441234 1234 123441234 1234 123441234 1234 123441234 1234 123441234 1234 123441234 1234 123441234 1234 123441234 1234 123441234 1234 123441234 1234 123441234 1234 123441234 1234 123441234 1234 123441234 1234 123441234 1234 123441234 1234 123441234 1234 123441234 1234 123441234 1234 123441234 1234 123441234 1234 123441234 1234 123441234 1234 123441234 1234 123441234 1234 123441234 1234 123441234 1234 1234
41234 1234 123441234 1234 123441234 1234 123441234 1234 123441234 1234 123441234 1234 123441234 1234 123441234 1234 123441234 1234 123441234 1234 123441234 1234 123441234 1234 123441234 1234 123441234 1234 1234
41234 1234 123441234 1234 1234
41234 1234 123441234 1234 123441234 1234 123441234 1234 123441234 1234 123441234 1234 123441234 1234 123441234 1234 123441234 1234 123441234 1234 123441234 1234 123441234 1234 123441234 1234 123441234 1234 123441234 1234 123441234 1234 123441234 1234 123441234 1234 123441234 1234 1234
41234 1234 123441234 1234 123441234 1234 123441234 1234 123441234 1234 123441234 1234 123441234 1234 123441234 1234 123441234 1234 123441234 1234 123441234 1234 123441234 1234 123441234 1234 123441234 1234 123441234 1234 123441234 1234 123441234 1234 123441234 1234 123441234 1234 123441234 1234 123441234 1234 123441234 1234 123441234 1234 123441234 1234 123441234 1234 123441234 1234 123441234 1234 123441234 1234 123441234 1234 123441234 1234 1234
41234 1234 123441234 1234 123441234 1234 123441234 1234 123441234 1234 123441234 1234 123441234 1234 123441234 1234 123441234 1234 123441234 1234 123441234 1234 123441234 1234 123441234 1234 123441234 1234 1234
41234 1234 123441234 1234 1234
41234 1234 123441234 1234 123441234 1234 123441234 1234 123441234 1234 123441234 1234 123441234 1234 123441234 1234 123441234 1234 123441234 1234 123441234 1234 123441234 1234 123441234 1234 123441234 1234 123441234 1234 123441234 1234 123441234 1234 123441234 1234 123441234 1234 1234
41234 1234 123441234 1234 123441234 1234 123441234 1234 123441234 1234 123441234 1234 123441234 1234 123441234 1234 123441234 1234 123441234 1234 123441234 1234 123441234 1234 123441234 1234 123441234 1234 123441234 1234 123441234 1234 123441234 1234 123441234 1234 123441234 1234 123441234 1234 123441234 1234 123441234 1234 123441234 1234 123441234 1234 123441234 1234 123441234 1234 123441234 1234 123441234 1234 123441234 1234 123441234 1234 1234
41234 1234 123441234 1234 123441234 1234 123441234 1234 123441234 1234 123441234 1234 123441234 1234 123441234 1234 123441234 1234 123441234 1234 123441234 1234 123441234 1234 123441234 1234 123441234 1234 1234
41234 1234 123441234 1234 1234
41234 1234 123441234 1234 123441234 1234 123441234 1234 123441234 1234 123441234 1234 123441234 1234 123441234 1234 123441234 1234 123441234 1234 123441234 1234 123441234 1234 123441234 1234 123441234 1234 123441234 1234 123441234 1234 123441234 1234 123441234 1234 123441234 1234 1234
41234 1234 123441234 1234 123441234 1234 123441234 1234 123441234 1234 123441234 1234 123441234 1234 123441234 1234 123441234 1234 123441234 1234 123441234 1234 123441234 1234 123441234 1234 123441234 1234 123441234 1234 123441234 1234 123441234 1234 123441234 1234 123441234 1234 123441234 1234 123441234 1234 123441234 1234 123441234 1234 123441234 1234 123441234 1234 123441234 1234 123441234 1234 123441234 1234 123441234 1234 123441234 1234 1234
41234 1234 123441234 1234 123441234 1234 123441234 1234 123441234 1234 123441234 1234 123441234 1234 123441234 1234 123441234 1234 123441234 1234 123441234 1234 123441234 1234 123441234 1234 123441234 1234 1234
41234 1234 123441234 1234 1234
41234 1234 123441234 1234 123441234 1234 123441234 1234 123441234 1234 123441234 1234 123441234 1234 123441234 1234 123441234 1234 123441234 1234 123441234 1234 123441234 1234 123441234 1234 123441234 1234 123441234 1234 123441234 1234 123441234 1234 123441234 1234 123441234 1234 1234
41234 1234 123441234 1234 123441234 1234 123441234 1234 123441234 1234 123441234 1234 123441234 1234 123441234 1234 123441234 1234 123441234 1234 123441234 1234 123441234 1234 123441234 1234 123441234 1234 123441234 1234 123441234 1234 123441234 1234 123441234 1234 123441234 1234 123441234 1234 123441234 1234 123441234 1234 123441234 1234 123441234 1234 123441234 1234 123441234 1234 123441234 1234 123441234 1234 123441234 1234 123441234 1234 1234
41234 1234 123441234 1234 123441234 1234 123441234 1234 123441234 1234 123441234 1234 123441234 1234 123441234 1234 123441234 1234 123441234 1234 123441234 1234 123441234 1234 123441234 1234 123441234 1234 1234
41234 1234 123441234 1234 1234
41234 1234 123441234 1234 123441234 1234 123441234 1234 123441234 1234 123441234 1234 123441234 1234 123441234 1234 123441234 1234 123441234 1234 123441234 1234 123441234 1234 123441234 1234 123441234 1234 123441234 1234 123441234 1234 123441234 1234 123441234 1234 123441234 1234 1234
41234 1234 123441234 1234 123441234 1234 123441234 1234 123441234 1234 123441234 1234 123441234 1234 123441234 1234 123441234 1234 123441234 1234 123441234 1234 123441234 1234 123441234 1234 123441234 1234 123441234 1234 123441234 1234 123441234 1234 123441234 1234 123441234 1234 123441234 1234 123441234 1234 123441234 1234 123441234 1234 123441234 1234 123441234 1234 123441234 1234 123441234 1234 123441234 1234 123441234 1234 123441234 1234 1234
41234 1234 123441234 1234 123441234 1234 123441234 1234 123441234 1234 123441234 1234 123441234 1234 123441234 1234 123441234 1234 123441234 1234 123441234 1234 123441234 1234 123441234 1234 123441234 1234 1234
41234 1234 123441234 1234 1234
41234 1234 123441234 1234 123441234 1234 123441234 1234 123441234 1234 123441234 1234 123441234 1234 123441234 1234 123441234 1234 123441234 1234 123441234 1234 123441234 1234 123441234 1234 123441234 1234 123441234 1234 123441234 1234 123441234 1234 123441234 1234 123441234 1234 1234
41234 1234 123441234 1234 123441234 1234 123441234 1234 123441234 1234 123441234 1234 123441234 1234 123441234 1234 123441234 1234 123441234 1234 123441234 1234 123441234 1234 123441234 1234 123441234 1234 123441234 1234 123441234 1234 123441234 1234 123441234 1234 123441234 1234 123441234 1234 123441234 1234 123441234 1234 123441234 1234 123441234 1234 123441234 1234 123441234 1234 123441234 1234 123441234 1234 123441234 1234 123441234 1234 1234
41234 1234 123441234 1234 123441234 1234 123441234 1234 123441234 1234 123441234 1234 123441234 1234 123441234 1234 123441234 1234 123441234 1234 123441234 1234 123441234 1234 123441234 1234 123441234 1234 1234
41234 1234 123441234 1234 1234
41234 1234 123441234 1234 123441234 1234 123441234 1234 123441234 1234 123441234 1234 123441234 1234 123441234 1234 123441234 1234 123441234 1234 123441234 1234 123441234 1234 123441234 1234 123441234 1234 123441234 1234 123441234 1234 123441234 1234 123441234 1234 123441234 1234 1234
41234 1234 123441234 1234 123441234 1234 123441234 1234 123441234 1234 123441234 1234 123441234 1234 123441234 1234 123441234 1234 123441234 1234 123441234 1234 123441234 1234 123441234 1234 123441234 1234 123441234 1234 123441234 1234 123441234 1234 123441234 1234 123441234 1234 123441234 1234 123441234 1234 123441234 1234 123441234 1234 123441234 1234 123441234 1234 123441234 1234 123441234 1234 123441234 1234 123441234 1234 123441234 1234 1234
41234 1234 123441234 1234 123441234 1234 123441234 1234 123441234 1234 123441234 1234 123441234 1234 123441234 1234 123441234 1234 123441234 1234 123441234 1234 123441234 1234 123441234 1234 123441234 1234 1234
41234 1234 123441234 1234 1234
41234 1234 123441234 1234 123441234 1234 123441234 1234 123441234 1234 123441234 1234 123441234 1234 123441234 1234 123441234 1234 123441234 1234 123441234 1234 123441234 1234 123441234 1234 123441234 1234 123441234 1234 123441234 1234 123441234 1234 123441234 1234 123441234 1234 1234
41234 1234 123441234 1234 123441234 1234 123441234 1234 123441234 1234 123441234 1234 123441234 1234 123441234 1234 123441234 1234 123441234 1234 123441234 1234 123441234 1234 123441234 1234 123441234 1234 123441234 1234 123441234 1234 123441234 1234 123441234 1234 123441234 1234 123441234 1234 123441234 1234 123441234 1234 123441234 1234 123441234 1234 123441234 1234 123441234 1234 123441234 1234 123441234 1234 123441234 1234 123441234 1234 1234
41234 1234 123441234 1234 123441234 1234 123441234 1234 123441234 1234 123441234 1234 123441234 1234 123441234 1234 123441234 1234 123441234 1234 123441234 1234 123441234 1234 123441234 1234 123441234 1234 1234
41234 1234 123441234 1234 1234
41234 1234 123441234 1234 123441234 1234 123441234 1234 123441234 1234 123441234 1234 123441234 1234 123441234 1234 123441234 1234 123441234 1234 123441234 1234 123441234 1234 123441234 1234 123441234 1234 123441234 1234 123441234 1234 123441234 1234 123441234 1234 123441234 1234 1234
41234 1234 123441234 1234 123441234 1234 123441234 1234 123441234 1234 123441234 1234 123441234 1234 123441234 1234 123441234 1234 123441234 1234 123441234 1234 123441234 1234 123441234 1234 123441234 1234 123441234 1234 123441234 1234 123441234 1234 123441234 1234 123441234 1234 123441234 1234 123441234 1234 123441234 1234 123441234 1234 123441234 1234 123441234 1234 123441234 1234 123441234 1234 123441234 1234 123441234 1234 123441234 1234 1234
41234 1234 123441234 1234 123441234 1234 123441234 1234 123441234 1234 123441234 1234 123441234 1234 123441234 1234 123441234 1234 123441234 1234 123441234 1234 123441234 1234 123441234 1234 123441234 1234 1234
41234 1234 123441234 1234 1234
41234 1234 123441234 1234 123441234 1234 123441234 1234 123441234 1234 123441234 1234 123441234 1234 123441234 1234 123441234 1234 123441234 1234 123441234 1234 123441234 1234 123441234 1234 123441234 1234 123441234 1234 123441234 1234 123441234 1234 123441234 1234 123441234 1234 1234
41234 1234 123441234 1234 123441234 1234 123441234 1234 123441234 1234 123441234 1234 123441234 1234 123441234 1234 123441234 1234 123441234 1234 123441234 1234 123441234 1234 123441234 1234 123441234 1234 123441234 1234 123441234 1234 123441234 1234 123441234 1234 123441234 1234 123441234 1234 123441234 1234 123441234 1234 123441234 1234 123441234 1234 123441234 1234 123441234 1234 123441234 1234 123441234 1234 123441234 1234 123441234 1234 1234
41234 1234 123441234 1234 123441234 1234 123441234 1234 123441234 1234 123441234 1234 123441234 1234 123441234 1234 123441234 1234 123441234 1234 123441234 1234 123441234 1234 123441234 1234 123441234 1234 1234
41234 1234 123441234 1234 1234
41234 1234 123441234 1234 123441234 1234 123441234 1234 123441234 1234 123441234 1234 123441234 1234 123441234 1234 123441234 1234 123441234 1234 123441234 1234 123441234 1234 123441234 1234 123441234 1234 123441234 1234 123441234 1234 123441234 1234 123441234 1234 123441234 1234 1234
41234 1234 123441234 1234 123441234 1234 123441234 1234 123441234 1234 123441234 1234 123441234 1234 123441234 1234 123441234 1234 123441234 1234 123441234 1234 123441234 1234 123441234 1234 123441234 1234 123441234 1234 123441234 1234 123441234 1234 123441234 1234 123441234 1234 123441234 1234 123441234 1234 123441234 1234 123441234 1234 123441234 1234 123441234 1234 123441234 1234 123441234 1234 123441234 1234 123441234 1234 123441234 1234 1234
41234 1234 123441234 1234 123441234 1234 123441234 1234 123441234 1234 123441234 1234 123441234 1234 123441234 1234 123441234 1234 123441234 1234 123441234 1234 123441234 1234 123441234 1234 123441234 1234 1234
41234 1234 123441234 1234 1234
41234 1234 123441234 1234 123441234 1234 123441234 1234 123441234 1234 123441234 1234 123441234 1234 123441234 1234 123441234 1234 123441234 1234 123441234 1234 123441234 1234 123441234 1234 123441234 1234 123441234 1234 123441234 1234 123441234 1234 123441234 1234 123441234 1234 1234
41234 1234 123441234 1234 123441234 1234 123441234 1234 123441234 1234 123441234 1234 123441234 1234 123441234 1234 123441234 1234 123441234 1234 123441234 1234 123441234 1234 123441234 1234 123441234 1234 123441234 1234 123441234 1234 123441234 1234 123441234 1234 123441234 1234 123441234 1234 123441234 1234 123441234 1234 123441234 1234 123441234 1234 123441234 1234 123441234 1234 123441234 1234 123441234 1234 123441234 1234 123441234 1234 1234
41234 1234 123441234 1234 123441234 1234 123441234 1234 123441234 1234 123441234 1234 123441234 1234 123441234 1234 123441234 1234 123441234 1234 123441234 1234 123441234 1234 123441234 1234 123441234 1234 1234
41234 1234 123441234 1234 1234
41234 1234 123441234 1234 123441234 1234 123441234 1234 123441234 1234 123441234 1234 123441234 1234 123441234 1234 123441234 1234 123441234 1234 123441234 1234 123441234 1234 123441234 1234 123441234 1234 123441234 1234 123441234 1234 123441234 1234 123441234 1234 123441234 1234 1234
41234 1234 123441234 1234 123441234 1234 123441234 1234 123441234 1234 123441234 1234 123441234 1234 123441234 1234 123441234 1234 123441234 1234 123441234 1234 123441234 1234 123441234 1234 123441234 1234 123441234 1234 123441234 1234 123441234 1234 123441234 1234 123441234 1234 123441234 1234 123441234 1234 123441234 1234 123441234 1234 123441234 1234 123441234 1234 123441234 1234 123441234 1234 123441234 1234 123441234 1234 123441234 1234 1234
41234 1234 123441234 1234 123441234 1234 123441234 1234 123441234 1234 123441234 1234 123441234 1234 123441234 1234 123441234 1234 123441234 1234 123441234 1234 123441234 1234 123441234 1234 123441234 1234 1234
41234 1234 123441234 1234 1234
41234 1234 123441234 1234 123441234 1234 123441234 1234 123441234 1234 123441234 1234 123441234 1234 123441234 1234 123441234 1234 123441234 1234 123441234 1234 123441234 1234 123441234 1234 123441234 1234 123441234 1234 123441234 1234 123441234 1234 123441234 1234 123441234 1234 1234
41234 1234 123441234 1234 123441234 1234 123441234 1234 123441234 1234 123441234 1234 123441234 1234 123441234 1234 123441234 1234 123441234 1234 123441234 1234 123441234 1234 123441234 1234 123441234 1234 123441234 1234 123441234 1234 123441234 1234 123441234 1234 123441234 1234 123441234 1234 123441234 1234 123441234 1234 123441234 1234 123441234 1234 123441234 1234 123441234 1234 123441234 1234 123441234 1234 123441234 1234 123441234 1234 1234
41234 1234 123441234 1234 123441234 1234 123441234 1234 123441234 1234 123441234 1234 123441234 1234 123441234 1234 123441234 1234 123441234 1234 123441234 1234 123441234 1234 123441234 1234 123441234 1234 1234
41234 1234 123441234 1234 1234
41234 1234 123441234 1234 123441234 1234 123441234 1234 123441234 1234 123441234 1234 123441234 1234 123441234 1234 123441234 1234 123441234 1234 123441234 1234 123441234 1234 123441234 1234 123441234 1234 123441234 1234 123441234 1234 123441234 1234 123441234 1234 123441234 1234 1234
41234 1234 123441234 1234 123441234 1234 123441234 1234 123441234 1234 123441234 1234 123441234 1234 123441234 1234 123441234 1234 123441234 1234 123441234 1234 123441234 1234 123441234 1234 123441234 1234 123441234 1234 123441234 1234 123441234 1234 123441234 1234 123441234 1234 123441234 1234 123441234 1234 123441234 1234 123441234 1234 123441234 1234 123441234 1234 123441234 1234 123441234 1234 123441234 1234 123441234 1234 123441234 1234 1234
41234 1234 123441234 1234 123441234 1234 123441234 1234 123441234 1234 123441234 1234 123441234 1234 123441234 1234 123441234 1234 123441234 1234 123441234 1234 123441234 1234 123441234 1234 123441234 1234 1234
41234 1234 123441234 1234 1234
41234 1234 123441234 1234 123441234 1234 123441234 1234 123441234 1234 123441234 1234 123441234 1234 123441234 1234 123441234 1234 123441234 1234 123441234 1234 123441234 1234 123441234 1234 123441234 1234 123441234 1234 123441234 1234 123441234 1234 123441234 1234 123441234 1234 1234
41234 1234 123441234 1234 123441234 1234 123441234 1234 123441234 1234 123441234 1234 123441234 1234 123441234 1234 123441234 1234 123441234 1234 123441234 1234 123441234 1234 123441234 1234 123441234 1234 123441234 1234 123441234 1234 123441234 1234 123441234 1234 123441234 1234 123441234 1234 123441234 1234 123441234 1234 123441234 1234 123441234 1234 123441234 1234 123441234 1234 123441234 1234 123441234 1234 123441234 1234 123441234 1234 1234
41234 1234 123441234 1234 123441234 1234 123441234 1234 123441234 1234 123441234 1234 123441234 1234 123441234 1234 123441234 1234 123441234 1234 123441234 1234 123441234 1234 123441234 1234 123441234 1234 1234
41234 1234 123441234 1234 1234
41234 1234 123441234 1234 123441234 1234 123441234 1234 123441234 1234 123441234 1234 123441234 1234 123441234 1234 123441234 1234 123441234 1234 123441234 1234 123441234 1234 123441234 1234 123441234 1234 123441234 1234 123441234 1234 123441234 1234 123441234 1234 123441234 1234 1234
41234 1234 123441234 1234 123441234 1234 123441234 1234 123441234 1234 123441234 1234 123441234 1234 123441234 1234 123441234 1234 123441234 1234 123441234 1234 123441234 1234 123441234 1234 123441234 1234 123441234 1234 123441234 1234 123441234 1234 123441234 1234 123441234 1234 123441234 1234 123441234 1234 123441234 1234 123441234 1234 123441234 1234 123441234 1234 123441234 1234 123441234 1234 123441234 1234 123441234 1234 123441234 1234 1234
41234 1234 123441234 1234 123441234 1234 123441234 1234 123441234 1234 123441234 1234 123441234 1234 123441234 1234 123441234 1234 123441234 1234 123441234 1234 123441234 1234 123441234 1234 123441234 1234 1234
41234 1234 123441234 1234 1234
41234 1234 123441234 1234 123441234 1234 123441234 1234 123441234 1234 123441234 1234 123441234 1234 123441234 1234 123441234 1234 123441234 1234 123441234 1234 123441234 1234 123441234 1234 123441234 1234 123441234 1234 123441234 1234 123441234 1234 123441234 1234 123441234 1234 1234
41234 1234 123441234 1234 123441234 1234 123441234 1234 123441234 1234 123441234 1234 123441234 1234 123441234 1234 123441234 1234 123441234 1234 123441234 1234 123441234 1234 123441234 1234 123441234 1234 123441234 1234 123441234 1234 123441234 1234 123441234 1234 123441234 1234 123441234 1234 123441234 1234 123441234 1234 123441234 1234 123441234 1234 123441234 1234 123441234 1234 123441234 1234 123441234 1234 123441234 1234 123441234 1234 1234
41234 1234 123441234 1234 123441234 1234 123441234 1234 123441234 1234 123441234 1234 123441234 1234 123441234 1234 123441234 1234 123441234 1234 123441234 1234 123441234 1234 123441234 1234 123441234 1234 1234
41234 1234 123441234 1234 1234
41234 1234 123441234 1234 123441234 1234 123441234 1234 123441234 1234 123441234 1234 123441234 1234 123441234 1234 123441234 1234 123441234 1234 123441234 1234 123441234 1234 123441234 1234 123441234 1234 123441234 1234 123441234 1234 123441234 1234 123441234 1234 123441234 1234 1234
41234 1234 123441234 1234 123441234 1234 123441234 1234 123441234 1234 123441234 1234 123441234 1234 123441234 1234 123441234 1234 123441234 1234 123441234 1234 123441234 1234 123441234 1234 123441234 1234 123441234 1234 123441234 1234 123441234 1234 123441234 1234 123441234 1234 123441234 1234 123441234 1234 123441234 1234 123441234 1234 123441234 1234 123441234 1234 123441234 1234 123441234 1234 123441234 1234 123441234 1234 123441234 1234 1234
41234 1234 123441234 1234 123441234 1234 123441234 1234 123441234 1234 123441234 1234 123441234 1234 123441234 1234 123441234 1234 123441234 1234 123441234 1234 123441234 1234 123441234 1234 123441234 1234 1234
41234 1234 123441234 1234 1234
41234 1234 123441234 1234 123441234 1234 123441234 1234 123441234 1234 123441234 1234 123441234 1234 123441234 1234 123441234 1234 123441234 1234 123441234 1234 123441234 1234 123441234 1234 123441234 1234 123441234 1234 123441234 1234 123441234 1234 123441234 1234 123441234 1234 1234
41234 1234 123441234 1234 123441234 1234 123441234 1234 123441234 1234 123441234 1234 123441234 1234 123441234 1234 123441234 1234 123441234 1234 123441234 1234 123441234 1234 123441234 1234 123441234 1234 123441234 1234 123441234 1234 123441234 1234 123441234 1234 123441234 1234 123441234 1234 123441234 1234 123441234 1234 123441234 1234 123441234 1234 123441234 1234 123441234 1234 123441234 1234 123441234 1234 123441234 1234 123441234 1234 1234
41234 1234 123441234 1234 123441234 1234 123441234 1234 123441234 1234 123441234 1234 123441234 1234 123441234 1234 123441234 1234 123441234 1234 123441234 1234 123441234 1234 123441234 1234 123441234 1234 1234
41234 1234 123441234 1234 1234
41234 1234 123441234 1234 123441234 1234 123441234 1234 123441234 1234 123441234 1234 123441234 1234 123441234 1234 123441234 1234 123441234 1234 123441234 1234 123441234 1234 123441234 1234 123441234 1234 123441234 1234 123441234 1234 123441234 1234 123441234 1234 123441234 1234 1234
41234 1234 123441234 1234 123441234 1234 123441234 1234 123441234 1234 123441234 1234 123441234 1234 123441234 1234 123441234 1234 123441234 1234 123441234 1234 123441234 1234 123441234 1234 123441234 1234 123441234 1234 123441234 1234 123441234 1234 123441234 1234 123441234 1234 123441234 1234 123441234 1234 123441234 1234 123441234 1234 123441234 1234 123441234 1234 123441234 1234 123441234 1234 123441234 1234 123441234 1234 123441234 1234 1234
41234 1234 123441234 1234 123441234 1234 123441234 1234 123441234 1234 123441234 1234 123441234 1234 123441234 1234 123441234 1234 123441234 1234 123441234 1234 123441234 1234 123441234 1234 123441234 1234 1234
41234 1234 123441234 1234 1234
41234 1234 123441234 1234 123441234 1234 123441234 1234 123441234 1234 123441234 1234 123441234 1234 123441234 1234 123441234 1234 123441234 1234 123441234 1234 123441234 1234 123441234 1234 123441234 1234 123441234 1234 123441234 1234 123441234 1234 123441234 1234 123441234 1234 1234
41234 1234 123441234 1234 123441234 1234 123441234 1234 123441234 1234 123441234 1234 123441234 1234 123441234 1234 123441234 1234 123441234 1234 123441234 1234 123441234 1234 123441234 1234 123441234 1234 123441234 1234 123441234 1234 123441234 1234 123441234 1234 123441234 1234 123441234 1234 123441234 1234 123441234 1234 123441234 1234 123441234 1234 123441234 1234 123441234 1234 123441234 1234 123441234 1234 123441234 1234 123441234 1234 1234
41234 1234 123441234 1234 123441234 1234 123441234 1234 123441234 1234 123441234 1234 123441234 1234 123441234 1234 123441234 1234 123441234 1234 123441234 1234 123441234 1234 123441234 1234 123441234 1234 1234
41234 1234 123441234 1234 1234
41234 1234 123441234 1234 123441234 1234 123441234 1234 123441234 1234 123441234 123